41
(6, 4) ^
(5, 4)
(6, 4) >
None
(5, 4) ^
(4, 4)
(5, 4) >
None
(4, 4) ^
(3, 4)
(4, 4) >
(4, 7)
(4, 6) v
(9, 6)
(8, 6) <
(8, 0)
(8, 1) ^
(6, 1)
(7, 1) >
(7, 8)
(7, 7) v
None
(3, 4) ^
(2, 4)
(3, 4) >
None
(2, 4) ^
(1, 4)
(2, 4) >
None
(1, 4) >
(1, 5)
(1, 4) v
None
(1, 5) >
(1, 6)
(1, 5) v
None
(1, 6) >
(1, 7)
(1, 6) v
(9, 6)
(8, 6) <
(8, 0)
(8, 1) ^
(6, 1)
(7, 1) >
(7, 8)
(7, 7) v
None
(1, 7) >
(1, 8)
(1, 7) v
(4, 7)
(3, 7) <
(3, 2)
(3, 3) ^
None
(1, 8) v
(2, 8)
(1, 8) <
None
(2, 8) v
(3, 8)
(2, 8) <
None
(3, 8) v
(4, 8)
(3, 8) <
(3, 2)
(3, 3) ^
None
(4, 8) v
(5, 8)
(4, 8) <
(4, 7)
(4, 8) ^
None
(5, 8) v
(6, 8)
(5, 8) <
None
(6, 8) <
(6, 7)
(6, 8) ^
None
(6, 7) <
(6, 6)
(6, 7) ^
(4, 7)
(5, 7) >
None
(6, 6) <
(6, 5)
(6, 6) ^
None
(6, 4) <
(6, 3)
(6, 4) ^
(0, 4)
(1, 4) >
(1, 9)
(1, 8) v
(7, 8)
(6, 8) <
(6, 3)
count (6, 3)
(6, 3) <
(6, 2)
(6, 3) ^
None
(6, 2) ^
(5, 2)
(6, 2) >
None
(5, 2) ^
(4, 2)
(5, 2) >
None
(4, 2) >
(4, 3)
(4, 2) v
None
(4, 3) >
(4, 4)
(4, 3) v
None
(4, 4) >
(4, 5)
(4, 4) v
None
(4, 5) >
(4, 6)
(4, 5) v
None
(4, 6) v
(5, 6)
(4, 6) <
None
(5, 6) v
(6, 6)
(5, 6) <
None
(6, 6) v
(7, 6)
(6, 6) <
(6, 1)
(6, 2) ^
(3, 2)
(4, 2) >
(4, 7)
(4, 6) v
(7, 6)
count (7, 6)
(7, 6) v
(8, 6)
(7, 6) <
None
(8, 6) <
(8, 5)
(8, 6) ^
None
(8, 5) <
(8, 4)
(8, 5) ^
None
(8, 4) <
(8, 3)
(8, 4) ^
(0, 4)
(1, 4) >
(1, 9)
(1, 8) v
(7, 8)
(6, 8) <
(6, 1)
(6, 2) ^
(3, 2)
(4, 2) >
(4, 7)
(4, 6) v
(9, 6)
(8, 6) <
(8, 3)
count (8, 3)
(8, 3) <
(8, 2)
(8, 3) ^
None
(8, 2) <
(8, 1)
(8, 2) ^
(3, 2)
(4, 2) >
(4, 7)
(4, 6) v
(9, 6)
(8, 6) <
(8, 1)
count (8, 1)
(8, 1) ^
(7, 1)
(8, 1) >
None
(7, 1) >
(7, 2)
(7, 1) v
None
(7, 2) >
(7, 3)
(7, 2) v
None
(7, 3) >
(7, 4)
(7, 3) v
None
(7, 4) >
(7, 5)
(7, 4) v
None
(7, 5) >
(7, 6)
(7, 5) v
None
(7, 6) >
(7, 7)
(7, 6) v
(9, 6)
(8, 6) <
(8, 0)
(8, 1) ^
(6, 1)
(7, 1) >
(7, 7)
count (7, 7)
(7, 7) v
(8, 7)
(7, 7) <
None
(8, 7) v
(9, 7)
(8, 7) <
(8, 0)
(8, 1) ^
(6, 1)
(7, 1) >
(7, 8)
(7, 7) v
(9, 7)
count (9, 7)
6
