[89, 91, 92, 95, 98, 95, 96, 95]
[3, 5, 7, 10, 11, 14, 13, 13]
[82, 85, 83, 84, 86, 90]
[2, 4, 4, 6, 9, 10, 13, 11]
[64, 65, 65, 68, 69, 72, 72]
[60, 63, 63, 64, 65, 67, 71]
[14, 17, 17, 20, 21, 27]
[16, 19, 21, 25, 26]
[57, 59, 63, 65, 62]
[86, 89, 91, 95, 95]
[2, 5, 8, 10, 14, 18]
[10, 13, 14, 17, 19, 23, 29]
[17, 18, 24, 26, 29]
[28, 29, 36, 38, 35]
[53, 56, 58, 61, 68, 69, 70, 70]
[7, 10, 13, 16, 22, 24, 28]
[68, 70, 73, 80, 81, 84, 89]
[90, 89, 91, 93, 95, 94]
[6, 5, 7, 8, 11, 11]
[33, 32, 34, 35, 39]
[20, 18, 19, 21, 22, 23, 26, 33]
[27, 26, 24, 27, 28]
[10, 8, 5, 8, 7]
[10, 8, 10, 13, 15, 17, 14, 14]
[77, 75, 78, 79, 80, 77, 81]
[9, 8, 9, 6, 12]
[9, 8, 10, 11, 14, 14, 17, 18]
[6, 3, 4, 5, 7, 7, 9, 6]
[92, 90, 92, 94, 94, 94]
[88, 87, 87, 90, 93, 97]
[58, 55, 56, 57, 57, 62]
[12, 11, 14, 15, 18, 19, 23, 25]
[85, 82, 86, 88, 86]
[57, 55, 58, 60, 64, 64]
[27, 25, 28, 32, 35, 36, 40]
[20, 19, 20, 24, 29]
[42, 40, 41, 46, 49]
[4, 2, 5, 12, 14, 17, 15]
[9, 6, 8, 9, 11, 17, 17]
[32, 31, 32, 34, 40, 43, 45, 49]
[10, 8, 14, 17, 18, 24]
[16, 16, 17, 18, 21, 24, 22]
[4, 4, 5, 8, 11, 13, 13]
[40, 40, 42, 43, 46, 49, 53]
[16, 16, 19, 22, 29]
[44, 44, 46, 47, 48, 46, 47, 50]
[26, 26, 29, 31, 29, 30, 32, 30]
[80, 80, 82, 85, 84, 85, 85]
[6, 6, 3, 4, 6, 9, 13]
[44, 44, 46, 45, 48, 51, 58]
[68, 68, 68, 69, 72]
[78, 78, 79, 79, 82, 79]
[6, 6, 8, 10, 10, 10]
[47, 47, 50, 50, 52, 54, 55, 59]
[2, 2, 2, 4, 7, 9, 10, 17]
[17, 17, 20, 24, 26, 27, 30]
[84, 84, 86, 90, 87]
[37, 37, 41, 43, 43]
[50, 50, 51, 55, 57, 60, 64]
[11, 11, 15, 16, 18, 20, 26]
[27, 27, 29, 31, 33, 39, 41]
[36, 36, 43, 44, 41]
[51, 51, 53, 55, 58, 64, 64]
[51, 51, 56, 59, 61, 63, 64, 68]
[70, 70, 77, 79, 80, 82, 83, 88]
[49, 53, 54, 57, 56]
[80, 84, 85, 86, 89, 92, 92]
[26, 30, 32, 33, 35, 38, 42]
[28, 32, 34, 37, 39, 41, 43, 48]
[79, 83, 84, 85, 83, 86]
[5, 9, 11, 12, 15, 12, 14, 11]
[58, 62, 64, 62, 62]
[25, 29, 28, 31, 34, 35, 39]
[38, 42, 43, 40, 43, 46, 52]
[85, 89, 91, 91, 93, 95, 96]
[8, 12, 15, 15, 12]
[18, 22, 24, 27, 27, 30, 32, 32]
[33, 37, 39, 40, 40, 43, 45, 49]
[19, 23, 23, 26, 31]
[66, 70, 71, 73, 75, 76, 80, 83]
[46, 50, 52, 55, 59, 57]
[46, 50, 51, 53, 56, 60, 62, 62]
[79, 83, 87, 89, 91, 95]
[22, 26, 30, 31, 34, 39]
[19, 23, 26, 28, 31, 33, 40, 41]
[11, 15, 17, 18, 20, 25, 26, 25]
[45, 49, 54, 55, 57, 59, 62, 62]
[57, 61, 63, 68, 69, 73]
[43, 47, 48, 54, 59]
[6, 11, 12, 13, 15, 18, 21, 20]
[76, 81, 82, 84, 87, 87]
[17, 23, 26, 29, 30, 34]
[70, 75, 77, 80, 83, 86, 89, 94]
[61, 67, 65, 67, 69]
[77, 84, 86, 89, 90, 92, 89, 87]
[23, 30, 27, 28, 29, 29]
[24, 29, 31, 28, 32]
[15, 22, 24, 21, 26]
[15, 21, 22, 23, 23, 26]
[84, 91, 92, 93, 96, 97, 97, 96]
[23, 28, 28, 30, 31, 31]
[9, 14, 15, 15, 16, 18, 22]
[50, 57, 59, 60, 60, 65]
[79, 85, 89, 91, 94, 95]
[6, 11, 14, 18, 16]
[71, 76, 80, 82, 84, 84]
[17, 24, 28, 30, 33, 34, 38]
[40, 45, 46, 50, 53, 60]
[70, 76, 78, 81, 86, 87, 88]
[44, 51, 56, 57, 60, 63, 60]
[13, 18, 19, 24, 26, 28, 28]
[81, 86, 93, 94, 95, 99]
[1, 6, 8, 11, 12, 17, 22]
[20, 17, 15, 14, 11, 9, 12, 9]
[15, 13, 11, 8, 11, 10, 9, 12]
[86, 83, 80, 81, 79, 79]
[45, 44, 41, 40, 38, 37, 38, 32]
[92, 90, 88, 85, 83, 82, 82, 83]
[68, 66, 66, 63, 60, 60]
[44, 41, 41, 38, 37, 34, 30]
[90, 87, 84, 84, 82, 80, 77, 72]
[19, 18, 16, 15, 11, 10]
[98, 97, 96, 95, 91, 88, 89]
[54, 53, 51, 50, 49, 45, 45]
[57, 56, 52, 50, 49, 45]
[60, 58, 56, 53, 52, 48, 45, 39]
[89, 88, 87, 81, 79, 76, 75, 73]
[92, 89, 88, 86, 83, 78, 75, 78]
[50, 49, 47, 40, 38, 36, 36]
[53, 50, 48, 43, 42, 38]
[93, 90, 85, 82, 77]
[68, 71, 69, 68, 67, 70]
[38, 40, 37, 35, 33, 31, 29, 29]
[79, 81, 78, 76, 74, 71, 69, 65]
[97, 99, 98, 95, 88]
[10, 11, 8, 6, 8, 7]
[5, 8, 5, 2, 3, 1, 1]
[47, 49, 48, 50, 46]
[33, 34, 32, 33, 30, 25]
[24, 27, 27, 24, 22]
[15, 17, 14, 12, 12, 13]
[29, 30, 27, 27, 27]
[93, 96, 94, 94, 92, 89, 85]
[18, 19, 16, 14, 14, 9]
[55, 57, 56, 52, 50, 48, 47]
[41, 44, 40, 39, 36, 38]
[52, 55, 52, 48, 45, 43, 41, 41]
[17, 20, 18, 14, 10]
[70, 72, 70, 66, 60]
[86, 87, 84, 77, 75, 73]
[46, 47, 45, 44, 41, 36, 35, 36]
[78, 79, 78, 73, 73]
[80, 83, 81, 74, 72, 70, 68, 64]
[17, 18, 11, 9, 4]
[89, 89, 86, 85, 83, 81, 83]
[72, 72, 69, 66, 66]
[99, 99, 97, 96, 94, 90]
[87, 87, 85, 84, 82, 81, 74]
[55, 55, 57, 55, 52, 49]
[89, 89, 90, 87, 88]
[30, 30, 27, 24, 27, 26, 26]
[77, 77, 78, 76, 75, 74, 70]
[67, 67, 66, 69, 67, 64, 57]
[76, 76, 75, 75, 74, 73, 72, 70]
[24, 24, 23, 23, 20, 19, 20]
[51, 51, 51, 48, 47, 44, 42, 42]
[92, 92, 89, 86, 83, 83, 79]
[74, 74, 74, 71, 68, 62]
[89, 89, 87, 84, 80, 78, 76, 75]
[79, 79, 76, 72, 73]
[48, 48, 47, 43, 43]
[91, 91, 88, 87, 86, 84, 80, 76]
[90, 90, 89, 85, 83, 77]
[29, 29, 27, 26, 23, 17, 14]
[92, 92, 86, 84, 85]
[38, 38, 32, 30, 29, 26, 24, 24]
[24, 24, 17, 15, 11]
[55, 55, 48, 45, 38]
[85, 81, 79, 78, 77, 79]
[54, 50, 48, 45, 45]
[50, 46, 45, 44, 41, 37]
[85, 81, 80, 79, 76, 74, 68]
[83, 79, 78, 77, 80, 78]
[56, 52, 55, 53, 55]
[43, 39, 38, 41, 39, 39]
[51, 47, 46, 48, 44]
[20, 16, 13, 12, 14, 8]
[99, 95, 93, 92, 92, 89]
[95, 91, 88, 85, 83, 83, 82, 84]
[87, 83, 82, 82, 79, 77, 76, 76]
[91, 87, 85, 84, 82, 82, 80, 76]
[17, 13, 12, 11, 9, 9, 4]
[43, 39, 38, 37, 33, 32, 30, 28]
[58, 54, 53, 49, 48, 47, 49]
[93, 89, 88, 84, 81, 78, 78]
[83, 79, 78, 76, 75, 71, 70, 66]
[89, 85, 81, 79, 76, 70]
[91, 87, 82, 81, 80, 79, 77]
[87, 83, 76, 75, 73, 75]
[28, 24, 18, 16, 15, 13, 12, 12]
[77, 73, 72, 66, 63, 62, 58]
[85, 81, 79, 72, 69, 66, 61]
[81, 76, 74, 71, 68, 67, 66, 69]
[94, 87, 85, 82, 79, 77, 77]
[93, 86, 83, 80, 76]
[44, 38, 35, 32, 30, 24]
[45, 39, 36, 39, 38]
[18, 13, 14, 11, 14]
[51, 44, 46, 44, 44]
[33, 27, 30, 29, 27, 23]
[44, 38, 35, 34, 36, 30]
[38, 31, 28, 28, 26, 23, 21]
[90, 83, 82, 80, 80, 82]
[51, 46, 45, 42, 40, 37, 37, 37]
[17, 10, 9, 6, 6, 2]
[83, 77, 76, 73, 73, 72, 71, 66]
[64, 58, 54, 52, 51, 50]
[58, 52, 49, 45, 42, 44]
[35, 30, 26, 23, 23]
[35, 28, 24, 22, 21, 20, 16]
[31, 26, 22, 21, 18, 17, 14, 9]
[20, 13, 11, 6, 3, 2, 1]
[92, 86, 83, 80, 77, 71, 72]
[78, 72, 69, 62, 60, 59, 59]
[56, 51, 48, 41, 38, 34]
[72, 65, 63, 61, 58, 52, 50, 45]
[36, 34, 34, 35, 39]
[62, 62, 59, 61, 61]
[23, 17, 16, 15, 15, 14, 11, 10]
[16, 20, 22, 24, 31, 34, 38]
[1, 7, 9, 8, 10, 11]
[81, 78, 80, 79, 81, 82, 87]
[15, 18, 20, 21, 23, 26, 30, 34]
[20, 20, 17, 14, 13, 16, 14, 10]
[7, 11, 13, 16, 15, 15]
[39, 39, 39, 36, 33, 33]
[39, 43, 45, 46, 51, 53, 60]
[21, 15, 13, 11, 8, 7, 6, 2]
[15, 20, 22, 23, 25, 22, 23, 29]
[34, 34, 28, 25, 28]
[32, 30, 27, 27, 24, 25]
[52, 54, 51, 49, 47, 46, 45, 46]
[46, 49, 49, 48, 47, 43]
[90, 90, 91, 91, 93, 94, 94]
[96, 93, 90, 83, 82, 80, 78, 76]
[49, 56, 57, 59, 62, 66, 66]
[71, 69, 70, 74, 75, 76, 83]
[54, 52, 54, 57, 63, 64, 65, 70]
[78, 71, 66, 65, 62, 61]
[67, 71, 73, 74, 81, 82, 82]
[23, 17, 16, 16, 11]
[88, 84, 83, 79, 73]
[59, 59, 63, 66, 66]
[66, 62, 62, 59, 55]
[69, 71, 68, 66, 63, 62, 55, 50]
[48, 48, 45, 43, 41, 35, 32, 26]
[19, 15, 14, 11, 9, 9, 9]
[60, 59, 58, 55, 51, 45]
[10, 14, 17, 17, 20, 23, 27]
[77, 77, 74, 72, 73, 71, 70, 63]
[73, 73, 72, 75, 75]
[15, 22, 24, 23, 25, 27, 28, 28]
[90, 90, 92, 91, 93]
[64, 67, 67, 65, 64, 62]
[97, 93, 91, 89, 85, 88]
[42, 42, 38, 35, 32, 32]
[76, 74, 77, 74, 71]
[13, 15, 13, 11, 7, 6, 5, 2]
[67, 67, 71, 72, 73, 70]
[20, 17, 19, 19, 20, 21]
[39, 35, 33, 30, 28, 26, 29, 29]
[68, 66, 63, 62, 59, 52, 52]
[25, 19, 17, 14, 13, 9, 7, 10]
[53, 53, 56, 63, 63]
[43, 39, 37, 34, 33, 31, 27]
[51, 49, 52, 55, 58, 63]
[20, 16, 12, 9, 5]
[56, 56, 57, 61, 64, 66, 68]
[57, 60, 63, 62, 65, 72]
[26, 19, 18, 17, 16, 13, 9, 7]
[27, 33, 36, 41, 43, 46, 50]
[85, 85, 86, 89, 92, 94, 92]
[43, 44, 51, 54, 57]
[68, 74, 78, 81, 84, 86, 88, 92]
[54, 58, 60, 62, 64, 64, 66, 66]
[32, 28, 26, 24, 26, 24, 22, 15]
[4, 3, 4, 7, 7, 10, 17]
[6, 11, 13, 15, 17, 23]
[30, 34, 36, 40, 40]
[83, 87, 90, 91, 93, 91]
[58, 58, 56, 55, 54, 51, 52, 54]
[64, 66, 65, 63, 56]
[14, 17, 15, 15, 16]
[66, 61, 62, 61, 63]
[68, 67, 64, 66, 67, 71]
[25, 31, 34, 32, 31]
[58, 62, 63, 64, 65, 67, 69, 75]
[44, 45, 43, 36, 35, 34, 31, 27]
[55, 60, 67, 69, 68]
[31, 29, 28, 31, 33]
[69, 75, 77, 79, 82, 82, 89]
[90, 90, 92, 94, 94, 98]
[57, 57, 55, 53, 56, 54]
[42, 36, 35, 38, 37, 36, 33, 26]
[57, 57, 60, 65, 67, 68, 72]
[55, 58, 57, 52, 49, 47]
[88, 88, 90, 91, 91]
[51, 51, 54, 54, 55, 56]
[18, 22, 25, 27, 30, 33, 37, 43]
[58, 65, 66, 69, 72, 74, 78, 76]
[40, 39, 36, 32, 29, 28, 25]
[70, 66, 64, 61, 60, 63]
[13, 15, 18, 21, 24, 27, 34, 34]
[76, 79, 72, 71, 70, 73]
[72, 68, 66, 64, 64, 61]
[13, 12, 13, 15, 17, 18, 22, 26]
[86, 82, 82, 81, 80, 79, 77, 71]
[37, 37, 35, 34, 29, 28, 28]
[61, 62, 65, 68, 68, 68]
[24, 25, 23, 24, 24]
[81, 81, 80, 77, 71, 70, 69, 65]
[27, 27, 34, 36, 37, 40, 43, 50]
[52, 49, 47, 50, 49, 48, 47, 47]
[66, 69, 76, 79, 83]
[54, 54, 52, 47, 44, 43, 40]
[85, 87, 87, 86, 84, 82, 80, 75]
[21, 15, 11, 8, 7, 3]
[54, 54, 53, 53, 51, 49, 45]
[56, 49, 52, 50, 47, 44, 44]
[53, 54, 58, 60, 62, 63]
[86, 89, 88, 89, 85]
[44, 50, 53, 53, 56, 58]
[44, 48, 50, 53, 53, 56, 62]
[14, 16, 14, 12, 10, 6]
[57, 56, 58, 59, 62, 66, 67, 67]
[83, 82, 84, 87, 89, 91, 91, 91]
[20, 13, 9, 7, 4, 2, 2]
[3, 4, 6, 6, 8, 9, 11, 16]
[83, 83, 87, 88, 93]
[37, 36, 41, 44, 46, 48, 49, 49]
[91, 91, 88, 87, 86, 86, 84, 81]
[66, 68, 61, 59, 56, 56]
[11, 9, 12, 14, 18, 19]
[39, 34, 31, 31, 30, 33]
[33, 33, 31, 30, 28, 26, 19]
[25, 27, 24, 22, 18, 17, 15, 17]
[52, 52, 54, 53, 52]
[20, 25, 25, 26, 30]
[33, 36, 35, 32, 29, 27, 27]
[34, 30, 27, 25, 25]
[10, 8, 9, 10, 13, 10, 11, 14]
[34, 41, 44, 45, 51, 51]
[4, 4, 6, 7, 10, 14]
[34, 31, 34, 38, 40, 41, 44, 43]
[17, 13, 10, 9, 10, 9, 6, 5]
[75, 71, 70, 65, 61]
[56, 55, 53, 52, 49, 46, 42, 38]
[56, 52, 45, 42, 40, 39, 38, 39]
[17, 21, 24, 24, 25, 28]
[59, 53, 51, 50, 51, 48, 47, 43]
[95, 89, 86, 82, 76]
[12, 12, 10, 7, 5, 3, 3]
[22, 24, 23, 24, 23]
[82, 80, 79, 78, 75, 75, 75]
[64, 65, 66, 69, 72, 76, 82]
[93, 87, 85, 85, 85]
[22, 22, 22, 20, 18, 20]
[42, 44, 46, 45, 43]
[15, 15, 18, 17, 18, 19, 24]
[39, 43, 44, 43, 42]
[79, 83, 84, 88, 85]
[16, 20, 23, 20, 24]
[22, 25, 25, 26, 28, 32]
[43, 47, 49, 50, 52, 51, 52, 57]
[19, 16, 15, 13, 13, 9]
[76, 83, 84, 82, 86]
[24, 24, 25, 28, 30, 30, 33, 38]
[20, 16, 15, 10, 7, 7]
[19, 24, 27, 31, 34, 36, 41]
[43, 47, 51, 52, 53, 55, 56]
[63, 62, 64, 66, 72, 73, 77]
[10, 8, 11, 12, 14, 16, 18, 18]
[70, 70, 69, 68, 65, 61]
[6, 10, 12, 16, 20]
[81, 85, 86, 87, 89, 92, 92]
[24, 29, 31, 32, 33, 30]
[68, 68, 68, 71, 74, 77, 80, 77]
[5, 7, 8, 10, 12, 16, 18, 15]
[18, 21, 24, 31, 32, 33, 36, 42]
[22, 26, 29, 30, 34]
[44, 38, 35, 32, 25, 20]
[20, 14, 12, 11, 11, 9, 7, 3]
[57, 61, 62, 64, 66, 71, 70]
[75, 75, 71, 69, 66]
[30, 25, 22, 17, 16, 15, 11]
[34, 34, 30, 27, 25, 22, 25]
[13, 16, 15, 12, 10, 6, 2]
[35, 34, 36, 35, 30]
[53, 51, 48, 42, 41, 42]
[84, 83, 84, 82, 82]
[90, 92, 90, 89, 89, 89]
[72, 76, 76, 78, 80, 78]
[81, 86, 88, 91, 94, 95, 95, 92]
[30, 32, 34, 36, 33, 35]
[22, 26, 28, 31, 32, 38, 40]
[79, 73, 66, 63, 62, 65]
[47, 43, 40, 34, 32]
[20, 17, 18, 21, 25]
[71, 76, 78, 81, 85]
[29, 31, 31, 32, 34, 31]
[35, 36, 35, 33, 30, 26, 19]
[64, 68, 70, 71, 68, 70, 72, 73]
[66, 60, 55, 53, 50, 49, 46, 46]
[17, 18, 15, 12, 10, 6, 6]
[79, 75, 72, 69, 65, 62]
[7, 12, 15, 19, 22, 25]
[42, 42, 38, 37, 33]
[12, 8, 5, 5, 4, 3, 2, 5]
[6, 3, 5, 8, 10, 12, 11]
[93, 86, 85, 84, 82, 84]
[31, 32, 30, 31, 31]
[53, 53, 56, 59, 62, 61, 65]
[26, 26, 29, 35, 37]
[13, 14, 13, 15, 19]
[33, 30, 31, 33, 35, 35, 34]
[53, 60, 67, 68, 71, 72]
[93, 91, 87, 85, 84, 83, 84]
[38, 38, 40, 42, 43, 46, 48, 53]
[33, 39, 41, 44, 51, 58]
[43, 43, 40, 36, 34, 29]
[50, 52, 54, 53, 52, 45]
[26, 19, 17, 14, 14]
[66, 62, 59, 60, 61]
[9, 12, 16, 19, 22, 22]
566
